5.2791
5.9608
7.1421
5.5376
2.3142
2.1581
2.0715
7.6781
2.5981
5.1804
13.757
8.8583
7.5708
6.3618
4.2337
11.001
3.236
6.2608
3.6059
4.2271
8.1469
7.7013
5.69
4.2934
3.7483
2.3162
7.8211
1.6838
4.802
1.0257
3.749
1.5373
12.977
4.6113
5.881
8.6513
11.465
5.0171
7.0723
7.7802
8.8446
4.4392
5.9327
2.2012
11.703
5.2777
3.6064
4.9287
7.6633
2.7971
3.6331
2.646
2.3725
3.2615
9.5328
3.6615
5.0753
3.903
9.9571
8.5958
6.5208
3.5689
2.9315
5.4254
5.3671
5.6955
1.112
4.8539
3.8253
8.6185
5.4756
5.3613
5.2811
7.4767
2.783
2.6795
4.7552
3.6749
12.042
10.55
4.9216
3.2033
3.1552
7.3729
6.0436
2.3571
2.72
6.6893
1.0752
7.9769
4.0828
9.0785
7.6142
9.4784
3.3526
3.9507
1.7536
10.776
4.7773
4.577
5.1992
4.4843
4.1709
8.5061
8.192
7.8495
6.737
1.975
5.2486
4.0707
7.0048
3.6996
2.4198
3.1885
3.382
5.9198
5.402
6.0727
8.4564
7.4473
3.402
5.29
5.9852
8.6903
4.7769
4.8028
1.5917
4.8857
4.0316
12.949
4.5883
3.7993
2.2761
7.4865
3.9412
12.529
4.7714
4.9346
13.426
3.6082
11.368
10.673
6.4799
3.8634
7.5855
8.764
0.829
3.2699
14.138
7.8839
3.7335
1.9313
4.3625
4.1691
5.9406
5.7449
4.5203
2.3659
4.9519
11.382
7.5232
5.8647
8.2432
9.7108
6.7894
2.5434
8.067
7.5271
4.6969
2.4351
2.3645
6.3311
6.1222
7.7492
11.366
3.0804
5.1788
10.58
3.6777
6.2562
8.7499
5.2016
3.2492
5.5051
11.549
4.3562
2.8722
3.815
3.7973
6.9929
5.8388
5.9182
5.9368
12.222
7.3306
10.142
6.1639
6.7547
13.992
2.33
6.0356
8.2182
4.079
4.3365
8.3619
10.948
3.0931
4.4838
4.2955
3.4307
3.9912
2.9139
0.80622
10.927
5.8918
4.4247
5.9948
3.4785
5.3724
8.4408
2.3926
1.8908
6.4529
4.5653
5.591
9.3217
5.023
6.3218
4.7246
3.5391
2.2375
3.6211
9.8925
5.7905
2.543
5.4905
13.712
2.5045
7.6142
10.044
6.8913
6.0122
10.953
6.0901
8.8093
5.2794
8.6177
4.0111
3.1491
7.2399
4.3765
9.2001
18.227
3.0955
2.267
2.844
3.5811
7.4201
8.1557
9.0898
2.7427
6.9213
2.3947
8.807
1.5688
5.4949
4.7787
2.1103
4.967
0.94277
4.9035
2.401
5.7598
3.7248
11.784
8.218
3.7048
6.1017
2.1471
1.2889
6.9248
1.3877
9.0423
3.4065
7.8263
7.8205
3.8684
6.8579
3.4751
3.238
8.8007
1.9233
5.5984
4.1641
5.8679
1.2958
8.134
3.2989
7.5089
11.494
6.9057
7.1805
7.7037
7.4374
10.388
2.6404
4.0844
2.9236
5.438
4.6419
10.2
6.4663
3.9232
7.2694
5.764
4.0607
4.9682
4.3986
4.5266
4.4907
6.2204
3.4655
6.8822
6.4113
1.73
5.6446
12.542
5.1125
5.0124
10.276
5.2517
5.4187
4.0205
5.5542
6.3074
8.5579
7.8629
7.4771
5.1158
2.126
5.6564
4.1452
7.4122
7.2997
7.9618
4.1223
9.6666
5.7461
5.7024
6.2352
6.1409
11.461
2.6617
3.3844
1.3559
3.2177
13.464
4.0301
11.534
3.2414
3.7354
4.8734
14.624
12.671
3.9013
4.442
9.1676
6.0044
7.2529
4.6495
9.0093
2.999
3.0437
3.9834
2.6215
2.1249
5.8507
2.1213
4.6083
3.2132
2.9091
5.6528
2.447
4.153
5.7725
6.5341
2.9264
4.4486
3.1055
3.8249
8.4895
8.0543
4.0933
2.5368
10.655
8.0262
1.3379
8.6248
5.0144
6.8429
11.109
4.1822
7.999
2.9722
3.2059
4.077
5.1906
6.3455
4.4019
2.3319
3.3454
7.5319
5.4835
3.159
11.885
5.0915
4.4437
7.1672
9.3071
9.526
10.235
4.958
4.6955
1.628
4.4123
6.0482
5.3781
4.2291
5.1094
4.3302
5.1984
3.7907
3.5156
3.0479
3.5832
6.4755
5.7959
2.4829
2.7895
6.2272
6.6731
4.5468
7.286
5.1439
13.904
10.586
2.5213
3.928
5.3566
7.9782
5.8736
4.2204
2.4027
8.78
6.7233
2.7568
5.5592
1.4408
7.4782
9.0398
4.8198
6.3909
9.5358
4.1124
2.3853
9.639
9.0447
9.1307
4.4535
8.8912
10.342
4.7365
5.4948
3.2586
2.4886
5.1502
4.4498
5.5893
5.7997
3.5631
3.6267
6.7001
4.0967
4.3639
7.7463
2.0876
2.5712
8.1283
2.0183
7.4089
6.0595
8.6085
1.6645
4.6156
3.2597
4.7302
13.535
4.5186
5.3193
2.8719
