103.88
67.01
108.23
108.01
107.23
90.435
72.595
100.66
99.142
107.85
121.03
117.2
120.81
102.35
119.26
127.71
78.234
126.79
103.35
110.57
103.59
111.8
77.039
104.43
73.557
78.376
120.74
72.141
83.843
36.639
111.33
100.48
101.74
104.71
106.4
95.581
128.35
59.672
117.23
106.32
120.93
82.019
105.62
64.94
80.196
76.743
84.028
115.98
115.35
100.18
57.455
117.17
89.116
78.446
94.6
76.228
84.781
100.63
127.5
84.284
68.08
57.016
50.434
103.71
66.587
118.49
82.48
105.77
41.826
109.04
119.95
83.66
65.689
114.41
87.43
82.446
92.829
81.183
115.57
79.884
100.08
83.809
97.13
115.14
108.85
77.554
103.68
129.05
84.977
112.04
62.36
139.6
113.7
123.1
135.13
93.43
85.671
109.4
99.513
115.32
79.786
69.204
51.959
110.63
110.84
142.59
125.85
85.523
98.225
88.502
82.056
85.66
81.312
102.08
38.271
103.29
60.629
103.3
115.42
103.75
118.14
91.101
96.686
127.43
93.519
94.162
80.024
98.717
85.015
129.52
104.69
98.532
69.464
112.71
120.55
101.37
108.6
73.909
115.15
81.278
131.86
133.61
100.54
83.81
98.761
119.19
85.325
84.236
106.1
111.83
102.03
60.289
58.764
90.778
90.209
88.312
83.044
75.905
96.22
122.08
103.24
98.927
78.992
81.685
50.781
111.68
87.081
97.483
115.71
88.032
74.446
113.37
95.36
100.88
101.42
93.595
69.769
102.56
61.756
131.64
122.09
76.517
81.716
108.8
112.37
101.58
74.833
104.42
103.62
105.36
110.43
99.656
63.459
101.14
86.304
129.03
51.056
93.477
105.63
48.931
89.88
105.05
85.253
105.27
98.976
141.69
71.451
110.43
73.868
123.64
77.883
109.78
80.065
120.62
94.592
125.61
88.142
73.744
95.957
108.48
75.837
32.874
103.36
115.82
112.72
108.53
98.32
117.51
53.853
64.862
72.735
67.711
102.07
114
63.255
113.9
149.07
109.33
84.391
115.83
113.64
113.87
155.7
136.89
67.405
116.17
134.8
80.486
91.488
119.14
111.2
128.16
136.71
91.21
106.64
91.49
108.12
139.81
127.54
116.26
83.072
90.316
92.276
124.12
100.46
115.48
89.371
80.506
126.93
79.21
109.56
102.49
124.08
93.811
128.56
61.111
83.805
90.751
82.171
78.774
102.68
115.75
123.23
61.136
109.15
123.23
127.61
98.904
100.28
120.89
130.36
55.749
123.71
119.98
107.56
85.351
156.26
94.504
130.44
146.78
95.206
140.22
138.62
96.197
124.38
69.315
119.54
97.598
81.824
90.518
123.42
90.756
84.023
90.878
115.34
75.201
107.03
98.884
93.004
59.602
97.771
86.343
66.189
100.41
48.039
116.41
100.99
77.423
116.58
85.119
89.056
103.74
76.97
76.653
76.019
124.33
84.913
116.81
107.58
78.559
114.59
91.978
110.73
112.89
99.77
85.636
132.98
97.658
94.483
85.62
91.11
101.45
64.864
67.963
97.543
86.464
106.04
50.396
98.712
87.428
99.006
103.01
94.908
107.67
92.792
113.03
112.23
117.51
140.5
94.365
136.13
100.44
101.78
119.13
81.418
68.988
97.989
78.675
92.558
64.416
77.64
106.61
75.652
108.65
81.445
109.36
88.05
87.102
85.501
102.81
99.085
88.237
80.996
94.174
118.2
101.44
113.05
97.977
114.84
95.222
111.31
91.728
131.81
95.088
101.33
82.703
110.95
112.97
117.63
86.905
105.98
97.746
90.224
83.805
120.89
68.483
78.264
109.61
109.48
123.39
142.91
106.06
103.83
95.167
97.563
85.758
108.8
89.447
90.184
108.97
89.555
117.95
58.637
67.623
82.893
108.86
88.131
69.721
59.852
99.652
71.521
111.58
122.75
92.238
124.34
132.61
82.579
98.61
77.974
96.566
98.821
66.15
69.086
145.39
112.4
71.564
111.74
106.23
82.965
84.202
112.82
78.208
118.71
135.74
93.09
115.07
101.93
88.235
126.41
100.81
118.96
97.095
97.73
91.066
90.33
76.517
59.012
90.657
96.484
82.321
109.97
115.78
68.487
89.338
137.01
84.642
91.26
101.52
73.368
81.327
99.769
89.923
105.25
90.978
98.165
61.101
118.51
60.654
105.55
84.845
